u=[1 3 6];
v=[4 5 6];
x=[10 11 12];
w=[u;v;x];
p=[2 3 4;5 6 7;8 9 10];
z=[w+p];
trans=z'